100
EUC_2D
1 143.775 862.63 
2 881.78 1.18319 
3 545.244 735.005 
4 502.813 876.001 
5 204.876 345.225 
6 701.637 576.987 
7 147.167 164.286 
8 135.382 807.91 
9 628.999 976.971 
10 674.999 731.447 
11 313.696 299.126 
12 445.689 981.97 
13 354.793 765.215 
14 398.129 976.034 
15 273.041 853.944 
16 666.295 312.27 
17 876.942 925.39 
18 134.026 949.816 
19 966.825 726.799 
20 659.346 889.08 
21 400.34 874.489 
22 118.041 312.04 
23 809.87 50.8555 
24 16.2821 114.161 
25 12.6192 48.2407 
26 650.039 940.261 
27 791.189 758.951 
28 907.194 612.605 
29 510.857 25.8629 
30 31.6366 431.221 
31 776.763 253.781 
32 531.819 906.89 
33 654.965 767.759 
34 186.06 206.527 
35 564.595 2.99685 
36 410.816 437.921 
37 930.189 639.817 
38 941.392 889.979 
39 341.538 39.4141 
40 162.622 95.1969 
41 107.558 262.746 
42 82.6398 131.129 
43 43.0137 77.901 
44 554.45 99.7819 
45 608.618 227.863 
46 889.589 760.96 
47 559.461 508.125 
48 13.6027 508.467 
49 402.567 839.178 
50 886.156 764.31 
51 84.6462 629.068 
52 486.783 259.062 
53 647.516 553.517 
54 967.65 824.246 
55 236.623 1.52397 
56 879.518 737.584 
57 509.84 420.787 
58 936.134 303.893 
59 872.343 499.018 
60 142.996 840.984 
61 233.102 303.929 
62 199.819 937.721 
63 302.123 847.44 
64 365.531 566.229 
65 107.593 549.471 
66 802.657 344.868 
67 319.486 813.104 
68 3.24542 701.539 
69 180.027 766.307 
70 977.601 968.843 
71 14.6301 842.383 
72 922.626 954.285 
73 896.272 789.067 
74 667.952 906.108 
75 425.058 869.541 
76 865.918 369.61 
77 898.572 539.108 
78 621.689 878.159 
79 673.73 613.117 
80 89.2979 491.923 
81 147.858 459.84 
82 428.293 905.37 
83 51.7499 636.336 
84 826.458 231.701 
85 426.249 946.357 
86 316.069 853.389 
87 275.713 973.754 
88 835.293 247.974 
89 970.187 63.5213 
90 123.616 644.17 
91 226.668 562.456 
92 808.92 791.39 
93 942.256 531.023 
94 705.831 455.757 
95 856.231 509.763 
96 352.477 1.16433 
97 308.882 842.792 
98 750.979 394.934 
99 610.775 584.408 
100 483.637 116.325 
