159
EUC_2D
1 3300.0 2200.0 
2 3500.0 2900.0 
3 3300.0 2900.0 
4 3500.0 3100.0 
5 3500.0 3300.0 
6 3300.0 3500.0 
7 3500.0 3700.0 
8 3500.0 3900.0 
9 3500.0 4000.0 
10 3500.0 4100.0 
11 3500.0 4300.0 
12 3300.0 4300.0 
13 3500.0 4500.0 
14 3500.0 4700.0 
15 3500.0 4800.0 
16 3300.0 4900.0 
17 3500.0 5000.0 
18 3800.0 5500.0 
19 3900.0 5700.0 
20 3800.0 5800.0 
21 3700.0 5800.0 
22 3500.0 5600.0 
23 3500.0 5700.0 
24 3300.0 5900.0 
25 3500.0 6100.0 
26 3300.0 6500.0 
27 3500.0 6400.0 
28 3800.0 6600.0 
29 4500.0 6500.0 
30 4700.0 6100.0 
31 4300.0 5700.0 
32 4500.0 5400.0 
33 5100.0 5300.0 
34 5100.0 5000.0 
35 5000.0 5000.0 
36 5100.0 4700.0 
37 5000.0 4700.0 
38 5200.0 4500.0 
39 5500.0 4400.0 
40 5600.0 4400.0 
41 5500.0 4100.0 
42 5700.0 3900.0 
43 5900.0 4100.0 
44 6100.0 3900.0 
45 6300.0 4100.0 
46 6500.0 4100.0 
47 6700.0 4100.0 
48 6900.0 4100.0 
49 7000.0 4500.0 
50 7300.0 4500.0 
51 7300.0 4700.0 
52 7400.0 5100.0 
53 7700.0 5500.0 
54 7800.0 5700.0 
55 7300.0 6200.0 
56 7300.0 6500.0 
57 7600.0 6500.0 
58 7700.0 6600.0 
59 8100.0 6600.0 
60 8500.0 6300.0 
61 8500.0 6000.0 
62 8500.0 5700.0 
63 8200.0 5700.0 
64 8500.0 5300.0 
65 8500.0 5200.0 
66 8500.0 5100.0 
67 8500.0 5000.0 
68 8500.0 4900.0 
69 8500.0 4800.0 
70 8500.0 4700.0 
71 8500.0 4600.0 
72 8500.0 4500.0 
73 8200.0 4600.0 
74 7800.0 4600.0 
75 7700.0 4300.0 
76 8000.0 4300.0 
77 8100.0 4000.0 
78 8500.0 4200.0 
79 8500.0 4100.0 
80 8500.0 4000.0 
81 8500.0 3900.0 
82 8500.0 3800.0 
83 8500.0 3700.0 
84 8500.0 3600.0 
85 8500.0 3500.0 
86 8500.0 3400.0 
87 8200.0 3200.0 
88 8000.0 3200.0 
89 7800.0 3400.0 
90 7600.0 3400.0 
91 7400.0 3400.0 
92 7300.0 3000.0 
93 7300.0 2800.0 
94 7700.0 3200.0 
95 8000.0 2900.0 
96 8100.0 3000.0 
97 8500.0 3100.0 
98 8500.0 3000.0 
99 8500.0 2900.0 
100 8500.0 2800.0 
101 8500.0 2700.0 
102 8500.0 2600.0 
103 8500.0 2500.0 
104 8500.0 2400.0 
105 8500.0 2300.0 
106 8200.0 2100.0 
107 7800.0 2100.0 
108 6900.0 2200.0 
109 6700.0 2300.0 
110 6500.0 2300.0 
111 6300.0 2300.0 
112 6100.0 2300.0 
113 5900.0 2300.0 
114 5900.0 2900.0 
115 6100.0 2900.0 
116 6300.0 2900.0 
117 6500.0 2900.0 
118 6700.0 2900.0 
119 6700.0 3500.0 
120 6500.0 3500.0 
121 6300.0 3500.0 
122 6100.0 3500.0 
123 5900.0 3500.0 
124 5300.0 2800.0 
125 4700.0 2100.0 
126 4300.0 2600.0 
127 4700.0 2900.0 
128 5000.0 3100.0 
129 5100.0 2900.0 
130 5300.0 3100.0 
131 5000.0 3400.0 
132 5200.0 3700.0 
133 5000.0 3900.0 
134 5100.0 3900.0 
135 5100.0 4200.0 
136 5000.0 4200.0 
137 4700.0 4400.0 
138 4700.0 4700.0 
139 4300.0 4400.0 
140 4300.0 4600.0 
141 4100.0 4400.0 
142 3900.0 4600.0 
143 3700.0 4400.0 
144 3700.0 4300.0 
145 3800.0 4300.0 
146 3700.0 4100.0 
147 3700.0 4000.0 
148 3700.0 3900.0 
149 3800.0 4000.0 
150 3900.0 3800.0 
151 3700.0 3700.0 
152 3500.0 3600.0 
153 3500.0 3500.0 
154 3700.0 3500.0 
155 3800.0 3500.0 
156 3700.0 3200.0 
157 3800.0 3200.0 
158 3900.0 3000.0 
159 3500.0 2400.0 
